72|1 120|72 224
1 72|1 397
0|1 115|0 4640
1 0|1 4820
241|1 120|241 229
241|1 256|241 766
1 241|1 1125
16|1 169|16 219
16|1 17|16 50
1 16|1 411
32|1 95|32 1164
32|1 82|32 3251
1 32|1 4540
115|3 119|115 788
115|3 68|115 259
115|3 0|115 3465
3 115|3 4700
218|3 225|218 271
3 218|3 473
52|3 21|52 269
52|3 158|52 248
3 52|3 609
14|3 85|14 2158
14|3 186 115
3 14|3 2534
176|3 177|176 3246
3 176|3 3414
2|3 85|2 2163
2|3 137|2 507
2|3 186|2 109
2|3 202|2 2320
3 2|3 5350
4|5 156|4 853
4|5 15|4 784
4|5 173|4 587
5 4|5 2703
239|5 240|239 452
5 239|5 558
38|5 37 15
5 38|5 36
47|5 164|47 1161
47|5 48|47 1837
47|5 161|47 110
5 47|5 3123
221|5 188 481
5 221|5 797
6|7 84|6 1182
7 6|7 1335
77|7 67|77 1329
77|7 36|77 38
77|7 88 10
7 77|7 1387
9 175 73
172|9 224|172 140
9 172|9 142
9 8 51
10|11 170|10 788
11 10|11 960
13|11 179|13 19
13|11 131|13 697
13|11 12|13 291
11 13|11 1014
11|13 10|11 953
13 11|13 1123
131|13 66|131 1199
13 131|13 1264
179|13 56|179 63
13 179|13 167
12|13 137|12 646
13 12|13 798
5|4 239|5 237
5|4 38|5 18
5|4 47|5 1671
5|4 221|5 6
4 5|4 1940
173|4 188 8
4 173|4 604
156|4 243|156 681
4 156|4 869
15|4 116|15 558
4 15|4 800
220|17 225|220 198
17 220|17 412
16|17 1|16 22
16|17 32|16 331
16|17 169|16 28
17 16|17 384
86|19 104 2
19 86|19 177
146|19 90|146 6
19 146|19 106
19 242 111
18|19 252|18 6
18|19 93|18 17
18|19 90|18 6
18|19 104|18 2
18|19 24|18 337
19 18|19 371
20|21 66|20 1903
21 20|21 2014
52|21 3|52 247
52|21 2|52 1773
52|21 158|52 1
21 52|21 2150
22|23 45|22 451
23 22|23 557
210|23 58|210 567
210|23 159|210 179
23 210|23 926
117|23 54|117 606
23 117|23 632
191|23 63|191 498
23 191|23 523
24|25 249|24 71
24|25 18|24 1659
24|25 118|24 973
24|25 157|24 172
24|25 236|24 1
24|25 53|24 2523
25 24|25 5570
64|25 63|64 817
25 64|25 1068
98|25 145|98 2991
98|25 99|98 280
98|25 246|98 93
25 98|25 3530
82|25 110|82 267
82|25 32|82 1503
82|25 185|82 829
82|25 83|82 223
25 82|25 2950
92|25 83|92 224
92|25 236|92 1
92|25 106|92 478
25 92|25 830
26|27 180|26 295
27 26|27 405
174|27 105|174 441
27 174|27 446
235|29 266|235 1
29 235|29 104
28|29 93|28 105
29 28|29 107
31 30 63
193|31 192|193 263
31 193|31 265
31 216 147
33|34 96|33 3
34 33|34 4
34 237 5
77|36 67|77 1104
77|36 88 8
77|36 7|77 36
36 77|36 1156
35|36 227|35 904
36 35|36 1083
38 37 16
5|38 239|5 2
5|38 221|5 2
5|38 4|5 8
38 5|38 13
39|40 49|39 763
39|40 222|39 6
40 39|40 773
61|40 62|61 465
40 61|40 683
41|42 260|41 528
42 41|42 670
51|42 46|51 118
42 51|42 229
184|42 122|184 849
42 184|42 856
256|44 241|256 1277
44 256|44 1304
70|44 71|70 1359
44 70|44 1548
44 205 315
43|44 87|43 842
44 43|44 1002
51|46 42|51 72
46 51|46 93
45|46 22|45 91
46 45|46 103
85|48 2|85 3263
85|48 14|85 1948
48 85|48 5253
47|48 161|47 2481
47|48 164|47 4
47|48 5|47 2080
48 47|48 5087
114|48 164|114 4
48 114|48 260
49|50 39|49 1410
50 49|50 1706
255|50 161|255 1873
255|50 212|255 5
50 255|50 1888
117|54 23|117 789
54 117|54 895
122|54 129|122 2412
122|54 184|122 884
54 122|54 3568
91|54 254|91 964
54 91|54 1118
53|54 24|53 5649
54 53|54 5692
65|54 118|65 326
54 65|54 342
105|54 174|105 679
54 105|54 782
85|14 48|85 2049
14 85|14 2195
3|14 115|3 1140
3|14 218|3 92
3|14 176|3 990
14 3|14 2259
14 186 122
179|56 13|179 13
56 179|56 93
55|56 66|55 74
56 55|56 87
107|58 128|107 1035
58 107|58 1376
58 267 119
58 113 233
210|58 23|210 443
58 210|58 478
159|58 160|159 2774
58 159|58 2812
57|58 263|57 1750
58 57|58 1944
90|60 18|90 246
90|60 93|90 50
90|60 146|90 12
90|60 248|90 1
60 90|60 312
59|60 89|59 187
60 59|60 311
133|62 134 216
62 133|62 301
61|62 40|61 445
62 61|62 447
63|64 191|63 705
64 63|64 835
25|64 24|25 47
25|64 82|25 108
25|64 98|25 538
25|64 92|25 128
64 25|64 839
77|67 36|77 1167
77|67 7|77 1471
67 77|67 2956
66|67 55|66 130
66|67 20|66 639
66|67 121|66 623
66|67 131|66 562
66|67 165|66 95
66|67 166|66 286
67 66|67 2422
106|67 92|106 2418
106|67 246|106 85
67 106|67 2608
67 88 158
140|69 240|140 735
69 140|69 1026
68|69 115|68 1084
69 68|69 1104
70|71 44|70 1291
71 70|71 1297
178|71 162|178 963
71 178|71 1148
1|72 16|1 12
1|72 32|1 196
1|72 0|1 1
72 1|72 211
120|72 119|120 45
72 120|72 226
74 73 257
112|74 111|112 255
74 112|74 256
7|77 6|7 1325
77 7|77 1535
67|77 106|67 1473
67|77 66|67 1302
77 67|77 2795
77 88 20
36|77 35|36 1075
77 36|77 1232
78|79 153|78 268
79 78|79 272
261|79 250|261 196
79 261|79 257
115|0 68|115 991
115|0 3|115 3510
115|0 119|115 51
0 115|0 4777
1|0 16|1 273
1|0 32|1 3706
1|0 241|1 631
1|0 72|1 44
0 1|0 4797
75|81 76 68
75|81 259|75 423
81 75|81 639
80|81 84|80 683
81 80|81 687
92|83 236|92 98
92|83 106|92 130
92|83 25|92 98
83 92|83 333
82|83 32|82 4
82|83 110|82 49
82|83 185|82 70
82|83 25|82 97
83 82|83 223
99|83 125|99 53
83 99|83 130
169|83 16|169 80
83 169|83 435
6|84 7|6 1022
84 6|84 1030
80|84 81|80 811
84 80|84 965
48|85 114|48 231
48|85 47|48 5036
85 48|85 5694
14|85 3|14 2032
14|85 186 6
85 14|85 2091
2|85 3|2 2003
2|85 137|2 125
2|85 202|2 3
2|85 52|2 1362
2|85 186|2 5
85 2|85 3538
86 104 3
19|86 146|19 1
19|86 242 1
86 19|86 3
1|32 0|1 3667
1|32 72|1 318
1|32 241|1 362
32 1|32 4581
82|32 110|82 1027
82|32 25|82 1375
82|32 185|82 1180
82|32 92|82 314
82|32 83|82 98
32 82|32 4123
95|32 185|95 1179
32 95|32 1451
16|32 17|16 521
16|32 169|16 2
32 16|32 723
185|87 187|185 225
185|87 95|185 16
185|87 82|185 840
87 185|87 1094
43|87 44|43 926
87 43|87 1093
39|49 40|39 825
39|49 222|39 309
49 39|49 1415
50|49 255|50 1594
49 50|49 1601
118|24 93|118 1367
118|24 65|118 125
24 118|24 1724
249|24 166|249 4174
24 249|24 4291
18|24 252|18 156
18|24 90|18 632
18|24 104|18 288
18|24 93|18 1354
18|24 19|18 459
24 18|24 3079
157|24 252 158
24 157|24 398
236|24 92|236 641
24 236|24 700
25|24 82|25 2519
25|24 92|25 648
25|24 98|25 2545
25|24 64|25 101
24 25|24 5944
53|24 54|53 5372
24 53|24 5527
59|89 60|59 109
89 59|89 110
89 219 99
93|90 28|93 11
93|90 94|93 27
93|90 247|93 3
93|90 192|93 4
93|90 194|93 8
93|90 118|93 55
90 93|90 113
60|90 59|60 308
90 60|90 413
248|90 247 3
90 248|90 113
146|90 19|146 10
146|90 242 13
90 146|90 139
18|90 104|18 11
18|90 252|18 10
18|90 24|18 495
18|90 19|18 10
90 18|90 532
169|16 99|169 83
169|16 83|169 138
16 169|16 291
1|16 72|1 20
1|16 241|1 89
1|16 0|1 153
16 1|16 275
17|16 220|17 409
16 17|16 639
32|16 82|32 381
32|16 95|32 104
16 32|16 492
93|94 192|93 13
93|94 90|93 27
93|94 18|93 609
93|94 247|93 14
93|94 118|93 716
93|94 194|93 14
93|94 28|93 6
94 93|94 1408
126|94 127|126 847
126|94 150|126 266
94 126|94 1303
97 152 293
96|97 33|96 304
97 96|97 305
98|99 246|98 14
98|99 145|98 118
98|99 92|98 3
98|99 25|98 196
99 98|99 344
83|99 92|83 3
83|99 82|83 50
99 83|99 215
125|99 145|125 124
99 125|99 298
169|99 16|169 72
99 169|99 206
253|103 211|253 952
103 253|103 959
102|103 244|102 674
103 102|103 819
18|104 24|18 122
18|104 93|18 9
18|104 90|18 6
18|104 252|18 2
104 18|104 140
104 86 167
174|105 27|174 563
105 174|105 686
54|105 122|54 81
54|105 53|54 592
54|105 65|54 48
54|105 117|54 44
54|105 91|54 8
105 54|105 780
128|107 237|128 180
128|107 130|128 281
128|107 33|128 310
107 128|107 1086
107 113 25
58|107 57|58 146
58|107 210|58 51
58|107 159|58 885
58|107 267 6
107 58|107 1123
108|109 190|108 331
109 108|109 471
147|109 181|147 446
109 147|109 448
92|82 106|92 1462
92|82 236|92 41
92|82 98|92 244
82 92|82 1819
25|82 24|25 2313
25|82 64|25 149
25|82 98|25 239
82 25|82 2767
32|82 95|32 135
32|82 1|32 3287
32|82 16|32 591
82 32|82 4221
110|82 213|110 1791
82 110|82 1949
83|82 99|83 99
83|82 169|83 130
82 83|82 515
185|82 87|185 1004
185|82 95|185 139
185|82 187|185 1720
82 185|82 3191
111|112 262|111 422
112 111|112 424
74|112 73 256
112 74|112 398
15|116 4|15 434
116 15|116 437
149|116 148|149 268
116 149|116 468
54|117 122|54 86
54|117 53|54 329
54|117 65|54 106
54|117 91|54 75
54|117 105|54 40
117 54|117 656
23|117 22|23 112
23|117 210|23 605
23|117 191|23 22
117 23|117 811
90|93 248|90 21
90|93 146|90 20
90|93 60|90 56
93 90|93 134
18|93 19|18 33
18|93 252|18 27
18|93 24|18 1361
18|93 104|18 31
93 18|93 1478
28|93 29|28 257
93 28|93 395
94|93 126|94 1294
93 94|93 1392
192|93 193|192 385
93 192|93 525
247|93 248 20
93 247|93 248
194|93 257|194 220
194|93 266|194 257
93 194|93 546
118|93 65|118 362
118|93 24|118 1379
93 118|93 1750
241|120 256|241 613
241|120 1|241 40
120 241|120 687
119|120 115|119 748
120 119|120 857
72|120 1|72 39
120 72|120 96
158|121 52|158 2012
121 158|121 2195
66|121 55|66 43
66|121 166|66 1277
66|121 165|66 39
66|121 131|66 21
66|121 20|66 1
66|121 67|66 566
121 66|121 2027
82|110 92|82 455
82|110 83|82 69
82|110 185|82 13
82|110 32|82 984
82|110 25|82 189
110 82|110 1733
213|110 160|213 1552
110 213|110 1812
137|124 12|137 93
137|124 2|137 127
124 137|124 221
124 123 197
145|125 177|145 160
145|125 165|145 53
125 145|125 222
99|125 83|99 75
99|125 169|99 36
125 99|125 203
126|127 150|126 55
126|127 94|126 765
127 126|127 825
262|127 111|262 616
127 262|127 743
54|91 122|54 50
54|91 65|54 35
54|91 117|54 88
54|91 53|54 993
54|91 105|54 8
91 54|91 1186
254|91 238|254 826
91 254|91 976
237|128 34 53
128 237|128 283
33|128 34|33 57
33|128 265 14
33|128 96|33 174
128 33|128 320
107|128 58|107 831
107|128 113 24
128 107|128 938
130|128 129|130 195
130|128 265 14
130|128 132|130 180
128 130|128 416
132|130 211|132 1139
130 132|130 1286
130 265 128
33|130 34|33 112
33|130 96|33 480
130 33|130 724
128|130 237|128 95
128|130 107|128 377
130 128|130 741
129|130 122|129 2297
129|130 231|129 143
130 129|130 2464
20|66 21|20 2135
66 20|66 2336
55|66 56|55 244
66 55|66 429
121|66 158|121 2110
66 121|66 2328
67|66 106|67 814
67|66 77|67 1385
67|66 88 84
66 67|66 2453
165|66 145|165 282
66 165|66 471
131|66 13|131 1338
66 131|66 1545
166|66 249|166 3919
66 166|66 4080
211|132 253|211 1010
132 211|132 1149
130|132 33|130 23
130|132 128|130 192
130|132 265 7
130|132 129|130 1076
132 130|132 1308
153|136 78|153 399
136 153|136 470
135|136 182|135 539
136 135|136 545
202|2 164|202 3861
2 202|2 4125
3|2 218|3 196
3|2 115|3 2740
3|2 176|3 2016
3|2 14|3 13
2 3|2 5056
85|2 48|85 3572
85|2 14|85 13
2 85|2 3872
186|2 14 13
2 186|2 337
137|2 12|137 533
137|2 124|137 200
2 137|2 826
52|2 158|52 1542
52|2 21|52 1555
2 52|2 3157
24|18 236|24 139
24|18 249|24 987
24|18 118|24 7
24|18 157|24 24
24|18 25|24 1689
24|18 53|24 192
18 24|18 3077
252|18 157 24
18 252|18 210
90|18 248|90 84
90|18 146|90 95
90|18 60|90 335
18 90|18 678
19|18 242 109
19|18 86|19 166
19|18 146|19 97
18 19|18 522
93|18 28|93 169
93|18 94|93 595
93|18 247|93 94
93|18 192|93 231
93|18 118|93 7
93|18 194|93 242
18 93|18 1450
104|18 86 166
18 104|18 343
46|45 51|46 80
45 46|45 277
22|45 23|22 269
45 22|45 279
2|137 52|2 22
2|137 85|2 129
2|137 186|2 23
2|137 3|2 471
2|137 202|2 126
137 2|137 785
12|137 13|12 629
137 12|137 698
124|137 123 196
137 124|137 353
189|139 190|189 3
139 189|139 204
138|139 222|138 187
139 138|139 187
42|41 51|42 69
42|41 184|42 546
41 42|41 621
260|41 224|260 450
41 260|41 534
259|144 75|259 257
144 259|144 259
143|144 264 131
144 143|144 221
177|145 176|177 3376
145 177|145 3612
125|145 99|125 196
145 125|145 414
165|145 66|165 258
145 165|145 527
98|145 246|98 61
98|145 92|98 349
98|145 25|98 2723
98|145 99|98 208
145 98|145 3496
4|15 173|4 6
4|15 5|4 560
4|15 156|4 2
15 4|15 571
116|15 149|116 465
15 116|15 561
103|102 253|103 823
102 103|102 828
244|102 204|244 549
102 244|102 679
116|149 15|116 235
149 116|149 238
148|149 217|148 1
149 148|149 269
164|37 114|164 1
164|37 202|164 85
37 164|37 87
37 38 112
183|151 195|183 106
151 183|151 183
150|151 126|150 166
151 150|151 190
136|153 135|136 437
153 136|153 443
78|153 79|78 328
153 78|153 405
208|155 209|208 216
155 208|155 218
154|155 201 138
155 154|155 251
243|156 230|243 475
156 243|156 684
4|156 173|4 6
4|156 15|4 2
4|156 5|4 612
156 4|156 623
112|111 74|112 396
111 112|111 496
262|111 127|262 538
111 262|111 541
157 252 159
24|157 118|24 2
24|157 236|24 5
24|157 249|24 57
24|157 25|24 81
24|157 53|24 29
157 24|157 175
130|33 129|130 633
130|33 132|130 10
33 130|33 646
34|33 237 4
33 34|33 178
96|33 97|96 468
33 96|33 664
33 265 17
128|33 107|128 296
128|33 237|128 4
33 128|33 305
66|20 121|66 1
66|20 165|66 44
66|20 67|66 590
66|20 131|66 22
66|20 166|66 1299
66|20 55|66 43
20 66|20 2078
21|20 52|21 2038
20 21|20 2221
52|158 3|52 236
52|158 2|52 1743
52|158 21|52 1
158 52|158 2110
121|158 66|121 1875
158 121|158 1978
159|160 210|159 383
159|160 58|159 3132
160 159|160 3876
213|160 110|213 1319
160 213|160 1393
187|160 185|187 2403
160 187|160 2463
47|161 48|47 2383
47|161 164|47 1502
47|161 5|47 82
161 47|161 3987
255|161 212|255 1443
255|161 50|255 1840
161 255|161 3711
162|163 178|162 759
163 162|163 763
167|163 168|167 401
163 167|163 637
114|164 48|114 4
164 114|164 176
47|164 5|47 1370
47|164 161|47 1525
47|164 48|47 4
164 47|164 3244
37|164 38 111
164 37|164 266
202|164 2|202 3503
164 202|164 3542
249|166 24|249 3931
166 249|166 4062
66|166 20|66 1436
66|166 165|66 86
66|166 55|66 152
66|166 121|66 1452
66|166 131|66 732
66|166 67|66 313
166 66|166 4322
141|168 142 151
168 141|168 264
167|168 163|167 326
168 167|168 328
83|169 92|83 73
169 83|169 175
99|169 98|99 40
99|169 125|99 41
169 99|169 114
16|169 32|16 4
16|169 1|16 160
16|169 17|16 61
169 16|169 283
84|80 6|84 837
80 84|80 844
81|80 75|81 633
80 81|80 818
170|171 10|170 499
171 170|171 503
232|171 233|232 347
171 232|171 479
224|172 260|224 249
172 224|172 252
9|172 175 72
9|172 8 50
172 9|172 194
4|173 156|4 3
4|173 15|4 4
173 4|173 8
173 188 9
27|174 26|27 400
174 27|174 569
105|174 54|105 602
174 105|174 607
145|177 98|145 2892
145|177 165|145 78
145|177 125|145 215
177 145|177 3317
176|177 3|176 3336
177 176|177 3506
162|178 163|162 777
178 162|178 969
71|178 70|71 1126
178 71|178 1132
13|179 131|13 1
13|179 11|13 16
13|179 12|13 50
179 13|179 69
56|179 55|56 12
179 56|179 65
26|180 27|26 276
180 26|180 279
234|180 100|234 131
180 234|180 240
25|98 24|25 2299
25|98 64|25 613
25|98 82|25 194
98 25|98 3259
92|98 106|92 30
92|98 83|92 79
92|98 82|92 195
92|98 236|92 40
98 92|98 474
246|98 106|246 30
98 246|98 242
99|98 169|99 144
99|98 125|99 100
99|98 83|99 85
98 99|98 565
145|98 177|145 3125
145|98 165|145 302
145|98 125|145 103
98 145|98 3785
212|181 255|212 1091
181 212|181 1094
147|181 109|147 699
181 147|181 1049
136|135 153|136 465
135 136|135 551
182|135 238|182 670
135 182|135 678
195|183 196|195 131
183 195|183 143
151|183 150|151 95
183 151|183 117
87|185 43|87 1080
185 87|185 1361
82|185 92|82 921
82|185 25|82 721
82|185 32|82 1058
82|185 83|82 112
82|185 110|82 21
185 82|185 2870
95|185 32|95 1077
185 95|185 1271
187|185 160|187 2701
185 187|185 3026
151|150 183|151 154
150 151|150 253
126|150 127|126 57
126|150 94|126 218
150 126|150 290
67|106 66|67 767
67|106 88 72
67|106 77|67 1529
106 67|106 2516
246|106 98|246 46
106 246|106 136
92|106 236|92 334
92|106 82|92 1511
92|106 83|92 174
92|106 98|92 46
92|106 25|92 508
106 92|106 2621
108|190 109|108 186
190 108|190 189
189|190 139|189 3
190 189|190 201
192|193 194|192 7
192|193 93|192 385
193 192|193 395
31|193 216 145
31|193 30 61
193 31|193 312
231|196 129 225
196 231|196 232
195|196 183|195 118
196 195|196 180
223|200 263|223 965
200 223|200 969
199|200 226|199 574
200 199|200 828
154 201 139
155|154 208|155 117
154 155|154 118
164|202 114|164 142
164|202 37|164 251
164|202 47|164 3176
202 164|202 3900
2|202 3|2 2141
2|202 52|2 1418
2|202 85|2 4
2|202 186|2 9
2|202 137|2 113
202 2|202 3726
3|115 52|3 432
3|115 176|3 100
3|115 2|3 2833
3|115 14|3 1231
3|115 218|3 72
115 3|115 4769
68|115 69|68 1234
115 68|115 1369
119|115 120|119 779
115 119|115 967
0|115 1|0 4576
115 0|115 4677
203|204 197|203 275
203|204 251 68
204 203|204 433
244|204 102|244 568
204 244|204 571
250|207 261|250 117
207 250|207 118
207 206 119
29|28 235|29 102
28 29|28 259
93|28 194|93 3
93|28 90|93 4
93|28 247|93 3
93|28 18|93 119
93|28 94|93 6
93|28 118|93 122
93|28 192|93 2
28 93|28 261
208|209 155|208 379
209 208|209 542
245|209 227|245 564
209 245|209 568
178|162 71|178 934
162 178|162 939
163|162 167|163 633
162 163|162 782
58|210 107|58 75
58|210 113 33
58|210 267 15
58|210 57|58 371
210 58|210 581
159|210 160|159 141
210 159|210 194
23|210 117|23 434
23|210 22|23 101
23|210 191|23 86
210 23|210 662
118|65 93|118 309
65 118|65 353
54|65 91|54 32
54|65 105|54 50
54|65 122|54 134
54|65 117|54 152
65 54|65 393
98|92 145|98 260
98|92 99|98 27
98|92 246|98 46
92 98|92 411
25|92 24|25 556
25|92 64|25 170
92 25|92 771
82|92 185|82 966
82|92 110|82 501
82|92 32|82 342
92 82|92 1859
83|92 99|83 27
83|92 169|83 299
92 83|92 699
106|92 67|106 2389
106|92 246|106 47
92 106|92 2601
236|92 24|236 563
92 236|92 666
266|194 235|266 112
194 266|194 268
192|194 193|192 7
194 192|194 10
257|194 258 123
194 257|194 234
93|194 247|93 8
93|194 28|93 5
93|194 18|93 209
93|194 90|93 12
93|194 118|93 238
93|194 94|93 19
194 93|194 495
177|176 145|177 3185
176 177|176 3344
3|176 2|3 2151
3|176 218|3 48
3|176 115|3 68
3|176 14|3 1076
3|176 52|3 11
176 3|176 3482
230|217 243|230 3
217 230|217 5
148|217 149|148 2
217 148|217 5
170|10 171|170 613
10 170|10 794
11|10 13|11 825
10 11|10 831
225|218 220|225 200
218 225|218 274
3|218 14|3 73
3|218 2|3 155
3|218 176|3 2
3|218 115|3 7
3|218 52|3 26
218 3|218 265
89|59 219 98
59 89|59 189
60|59 90|60 216
59 60|59 218
153|78 136|153 351
78 153|78 356
79|78 261|79 254
78 79|78 333
49|39 50|49 1299
39 49|39 1306
40|39 61|40 679
39 40|39 838
222|39 138|222 291
39 222|39 315
17|220 16|17 194
220 17|220 286
225|220 218|225 145
220 225|220 291
226|214 199|226 298
214 226|214 299
214 215 255
150|126 151|150 236
126 150|126 336
94|126 93|94 1230
126 94|126 1234
127|126 262|127 739
126 127|126 915
227|35 245|227 765
35 227|35 910
36|35 77|36 975
35 36|35 982
81|75 80|81 557
75 81|75 562
259|75 144|259 342
75 259|75 430
75 76 71
21|52 20|21 1893
52 21|52 2004
158|52 121|158 1863
52 158|52 1970
2|52 85|2 1512
2|52 202|2 1608
2|52 137|2 13
2|52 186|2 186
52 2|52 3628
3|52 14|3 53
3|52 218|3 51
3|52 176|3 4
3|52 115|3 389
52 3|52 561
24|118 157|24 14
24|118 249|24 512
24|118 236|24 92
24|118 25|24 953
24|118 18|24 3
24|118 53|24 1
118 24|118 1601
93|118 90|93 67
93|118 194|93 262
93|118 94|93 697
93|118 28|93 183
93|118 192|93 263
93|118 247|93 114
93|118 18|93 3
118 93|118 1717
65|118 54|65 357
118 65|118 509
66|165 20|66 22
66|165 55|66 37
66|165 131|66 136
66|165 121|66 16
66|165 166|66 3
66|165 67|66 71
165 66|165 302
145|165 177|145 60
145|165 125|145 80
145|165 98|145 116
165 145|165 299
226|199 214|226 373
199 226|199 577
200|199 223|200 674
199 200|199 677
243|230 156|243 158
230 243|230 161
217|230 148|217 3
230 217|230 169
196|231 195|196 171
231 196|231 232
231 129 305
228|233 229 100
233 228|233 207
232|233 171|232 227
233 232|233 229
199|226 200|199 454
226 199|226 456
214|226 215 254
226 214|226 375
183|195 151|183 103
195 183|195 128
196|195 231|196 156
195 196|195 166
231|129 196|231 221
129 231|129 268
122|129 54|122 2472
122|129 184|122 48
129 122|129 2551
130|129 128|130 491
130|129 33|130 696
130|129 265 104
130|129 132|130 1062
129 130|129 2504
7|6 77|7 1239
6 7|6 1248
84|6 80|84 958
6 84|6 1191
54|122 91|54 57
54|122 53|54 3213
54|122 105|54 90
54|122 117|54 102
54|122 65|54 125
122 54|122 3610
129|122 130|129 2290
129|122 231|129 108
122 129|122 2490
184|122 42|184 865
122 184|122 940
168|141 167|168 198
141 168|141 199
141 142 152
155|208 154|155 249
208 155|208 382
209|208 245|209 367
208 209|208 370
120|119 72|120 47
120|119 241|120 624
119 120|119 795
115|119 3|115 754
115|119 0|115 1
115|119 68|115 96
119 115|119 867
237 34 54
128|237 107|128 62
237 128|237 63
182|238 135|182 613
238 182|238 736
254|238 91|254 896
238 254|238 903
140|240 69|140 564
240 140|240 598
239|240 5|239 450
240 239|240 600
48|47 85|48 4606
48|47 114|48 25
47 48|47 4669
164|47 202|164 2892
164|47 114|164 26
164|47 37|164 7
47 164|47 2961
161|47 255|161 3693
47 161|47 4162
5|47 38|5 6
5|47 239|5 165
5|47 4|5 2367
5|47 221|5 706
47 5|47 3576
44|43 70|44 671
44|43 205 151
44|43 256|44 19
43 44|43 940
87|43 185|87 915
43 87|43 928
120|241 119|120 716
120|241 72|120 10
241 120|241 922
256|241 44|256 1233
241 256|241 1406
1|241 32|1 273
1|241 16|1 100
1|241 0|1 657
1|241 72|1 10
241 1|241 1054
23|191 22|23 325
23|191 117|23 10
23|191 210|23 161
191 23|191 616
63|191 64|63 584
191 63|191 611
156|243 4|156 415
243 156|243 418
230|243 217|230 166
243 230|243 478
13|12 131|13 233
13|12 11|13 328
13|12 179|13 63
12 13|12 690
137|12 124|137 151
137|12 2|137 492
12 137|12 708
204|244 203|204 430
244 204|244 554
102|244 103|102 663
244 102|244 667
245|227 209|245 605
227 245|227 771
35|227 36|35 840
227 35|227 846
132|211 130|132 1170
211 132|211 1179
253|211 103|253 917
211 253|211 1019
210|159 23|210 125
159 210|159 414
58|159 267 97
58|159 113 191
58|159 107|58 1109
58|159 57|58 1403
159 58|159 3171
160|159 213|160 1252
160|159 187|160 2242
159 160|159 3569
98|246 145|98 6
98|246 99|98 25
246 98|246 55
106|246 67|106 46
246 106|246 54
171|232 170|171 387
232 171|232 390
233|232 228|233 205
232 233|232 350
2|186 137|2 13
2|186 202|2 2
186 2|186 16
186 14 14
227|245 35|227 675
245 227|245 680
209|245 208|209 538
245 209|245 610
66|131 121|66 20
66|131 20|66 20
66|131 165|66 129
66|131 55|66 12
66|131 67|66 542
66|131 166|66 640
131 66|131 1377
13|131 12|13 334
13|131 179|13 79
13|131 11|13 760
131 13|131 1352
110|213 82|110 1508
213 110|213 1538
160|213 159|160 1365
213 160|213 1581
93|247 28|93 3
93|247 94|93 6
93|247 194|93 2
93|247 118|93 10
93|247 192|93 1
247 93|247 23
247 248 21
33|96 34|33 4
33|96 128|33 149
33|96 130|33 354
33|96 265 1
96 33|96 510
97|96 152 292
96 97|96 470
90|248 60|90 2
90|248 146|90 2
248 90|248 5
248 247 4
24|249 18|24 908
24|249 157|24 113
24|249 118|24 559
24|249 25|24 67
24|249 53|24 2216
24|249 236|24 12
249 24|249 4039
166|249 66|166 4199
249 166|249 4311
100 101 77
234|100 180|234 107
100 234|100 108
260|224 41|260 378
224 260|224 382
172|224 9|172 191
224 172|224 321
252 157 25
18|252 93|18 13
18|252 19|18 4
18|252 104|18 2
18|252 90|18 7
252 18|252 27
122|184 129|122 59
122|184 54|122 965
184 122|184 1035
42|184 51|42 145
42|184 41|42 598
184 42|184 875
188 221 1
188 173 1
54|53 91|54 922
54|53 122|54 3158
54|53 105|54 582
54|53 117|54 455
53 54|53 5427
24|53 236|24 412
24|53 18|24 233
24|53 249|24 2369
24|53 25|24 2792
24|53 157|24 55
53 24|53 5928
64|63 25|64 701
63 64|63 723
191|63 23|191 590
63 191|63 725
56|55 179|56 79
55 56|55 246
66|55 166|66 103
66|55 165|66 27
66|55 67|66 89
66|55 121|66 11
66|55 131|66 1
66|55 20|66 10
55 66|55 243
5|221 38|5 2
5|221 239|5 44
5|221 47|5 417
221 5|221 464
221 188 482
93|192 18|93 219
93|192 28|93 5
93|192 247|93 5
93|192 118|93 246
93|192 90|93 7
93|192 94|93 10
192 93|192 496
194|192 266|194 2
194|192 257|194 5
192 194|192 10
193|192 31|193 311
192 193|192 398
200|223 199|200 825
223 200|223 1095
263|223 57|263 1245
223 263|223 1250
255|212 161|255 1283
255|212 50|255 14
212 255|212 1302
181|212 147|181 1045
212 181|212 1245
171|170 232|171 475
170 171|170 618
10|170 11|10 625
170 10|170 630
233|228 232|233 119
228 233|228 120
228 229 101
240|140 239|240 562
140 240|140 765
69|140 68|69 787
140 69|140 806
217|148 230|217 2
148 217|148 4
149|148 116|149 3
148 149|148 5
266|235 194|266 3
235 266|235 5
29|235 28|29 1
235 29|235 5
45|22 46|45 268
22 45|22 462
23|22 191|23 269
23|22 210|23 110
23|22 117|23 78
22 23|22 468
42|51 184|42 52
42|51 41|42 63
51 42|51 127
46|51 45|46 82
51 46|51 131
168|167 141|168 262
167 168|167 404
163|167 162|163 474
167 163|167 477
71|70 178|71 1141
70 71|70 1366
44|70 43|44 622
44|70 205 8
44|70 256|44 866
70 44|70 1504
40|61 39|40 574
61 40|61 577
62|61 133|62 299
61 62|61 468
161|255 47|161 3611
255 161|255 3624
50|255 49|50 1699
255 50|255 1866
212|255 181|212 1239
255 212|255 1456
109|147 108|109 468
147 109|147 701
181|147 212|181 742
147 181|147 742
238|254 182|238 731
254 238|254 836
91|254 54|91 1039
254 91|254 1048
224|260 172|224 318
260 224|260 454
41|260 42|41 539
260 41|260 544
211|253 132|211 1083
253 211|253 1091
103|253 102|103 813
253 103|253 924
207|250 206 118
250 207|250 163
261|250 79|261 148
250 261|250 150
127|262 126|127 708
262 127|262 712
111|262 112|111 493
262 111|262 619
39|222 49|39 309
39|222 40|39 8
222 39|222 320
138|222 139|138 261
222 138|222 294
257 258 124
194|257 266|194 3
194|257 192|194 4
194|257 93|194 114
257 194|257 122
185|95 187|185 986
185|95 87|185 72
95 185|95 1204
32|95 1|32 1068
32|95 16|32 121
95 32|95 1214
133 134 217
62|133 61|62 305
133 62|133 306
238|182 254|238 745
182 238|182 754
135|182 136|135 544
182 135|182 622
75|259 76 2
75|259 81|75 379
259 75|259 384
144|259 143|144 220
259 144|259 345
223|263 200|223 1090
263 223|263 1357
57|263 58|57 1497
57|263 267 3
263 57|263 1506
109|108 147|109 298
108 109|108 301
190|108 189|190 200
108 190|108 335
58|57 210|58 307
58|57 159|58 1365
58|57 107|58 128
58|57 113 6
57 58|57 1813
57 267 4
263|57 223|263 1351
57 263|57 1757
144|143 259|144 158
143 144|143 159
143 264 132
160|187 213|160 14
160|187 159|160 2405
187 160|187 2745
185|187 82|185 1510
185|187 95|185 945
185|187 87|185 248
187 185|187 2746
164|114 202|164 1
164|114 37|164 3
114 164|114 7
48|114 85|48 4
114 48|114 7
24|236 157|24 11
24|236 18|24 143
24|236 118|24 103
24|236 249|24 1
24|236 53|24 395
236 24|236 674
92|236 106|92 340
92|236 83|92 204
236 92|236 662
203|197 204|203 91
197 203|197 92
197 198 75
180|26 234|180 237
26 180|26 299
27|26 174|27 342
26 27|26 346
235|266 29|235 3
266 235|266 113
194|266 257|194 4
194|266 192|194 1
194|266 93|194 118
266 194|266 124
220|225 17|220 157
225 220|225 268
218|225 3|218 200
225 218|225 255
115|68 0|115 987
115|68 3|115 232
115|68 119|115 98
68 115|68 1333
69|68 140|69 1006
68 69|68 1250
44|256 43|44 151
44|256 70|44 850
44|256 205 154
256 44|256 1245
241|256 1|241 716
241|256 120|241 642
256 241|256 1370
197|203 198 74
203 197|203 277
203 251 69
204|203 244|204 452
203 204|203 455
5|239 221|5 78
5|239 4|5 296
5|239 38|5 3
5|239 47|5 101
239 5|239 513
240|239 140|240 436
239 240|239 490
79|261 78|79 204
261 79|261 207
250|261 207|250 161
261 250|261 199
146 242 14
90|146 60|90 11
90|146 248|90 4
90|146 93|90 8
146 90|146 26
19|146 86|19 6
146 19|146 12
139|189 138|139 3
189 139|189 3
190|189 108|190 3
189 190|189 3
139|138 189|139 203
138 139|138 261
222|138 39|222 256
138 222|138 256
100|234 101 76
234 100|234 133
180|234 26|180 199
234 180|234 201