33 34 52733
33 43 53056
35|34 45 45800
35|34 36 5120
34 35|34 51475
34 44 51586
35 45 51018
35 36 47277
45 55 51400
45 46 51489
55 65 51507
55 56 51502
65 75 51522
65 66 51576
75 85 51165
75 76 51214
85 86 51567
85 95 51361
86 87 51314
86 96 51595
87 88 51612
87 97 50929
88 89 51264
88 98 51024
89 80 50562
89 99 50065
80 81 49519
80 90 50022
81 91 39597
81 82 59014
91 1 45220
91 92 44830
1 2 27882
1 11 27630
2 3 38729
2 12 38798
3 4 9032
3 13 80799
4 14 30357
4 5 29873
14 24 46060
14 15 45876
24 34 50352
24 25 50364
44 54 52275
44 45 51877
54 64 51921
54 55 51639
64 65 51650
64 74 51233
66 76 51544
66 67 51655
76 86 51421
76 77 51331
96 6 51345
96 97 51714
6 16 82739
6 7 9377
16 26 62926
16 17 62754
26 36 54940
26 27 54869
36 46 50794
36 37 51381
46 56 51289
46 47 50944
56 66 51655
56 57 51052
77 87 51289
77 78 51101
97 98 51132
97 7 51394
98 99 51091
98 8 50994
99 90 50254
99 9 50862
90 0 49994
90 91 50333
0 10 86153
0 1 9842
10 11 65245
10 20 65761
11 12 46642
11 21 46306
12 13 42753
12 22 42809
13 14 61578
13 23 61818
67 68 51547
67 77 51043
68 69 49705
68 78 49949
69 79 48570
69 60 48786
79 89 49329
79 70 49445
9 0 45929
9 19 45891
20 30 60311
20 21 60812
31|30 41 47948
31|30 32 5344
30 31|30 53813
30 40 53720
31 41 53703
31 32 53517
41 51 51997
41 42 51980
51 61 49808
51 52 50662
61 62 49462
61 71 49459
62 63 50146
62 72 50419
63 73 50663
63 64 51077
73 74 50558
73 83 50116
74 84 50979
74 75 50832
84 94 51366
84 85 51814
94 95 51327
94 4 50830
95 5 51130
95 96 51494
5 6 40658
5 15 40446
17 18 46685
17 27 46704
28|18 29 21494
28|18 38 21865
18 28|18 43786
18 19 43782
28 29 67108
28 38 27323
29 39 56035
29 20 55575
39 49 47971
39 30 47332
49 59 46494
49 40 46662
59 69 47653
59 50 47309
60 70 48598
60 61 49077
70 80 48944
70 71 49085
21 22 53599
31|21 32 47657
31|21 41 5245
21 31|21 53434
22 23 47855
22 32 48529
23 33 54874
23 24 54678
71 72 49346
71 81 49172
72 73 49978
72 82 49826
7 8 30517
7 17 30616
8 9 40859
8 18 40733
32 33 51039
32 42 51034
57 67 50942
57 58 51109
19 29 44671
19 10 45173
43 53 52023
43 44 52570
53 54 51325
53 63 51643
78 79 50206
78 88 50755
58 59 48460
58 68 48033
50 60 48842
50 51 48580
82 83 54497
82 92 54197
83 84 52205
83 93 52263
42 43 51613
42 52 51463
27 37 50879
28|27 29 45127
28|27 38 4940
27 28|27 50607
37 38 51306
37 47 50922
38 39 39219
38 48 39666
40 41 50325
40 50 50064
48 49 45103
48 58 45388
15 25 43270
15 16 43237
35|25 36 41615
35|25 45 4712
25 35|25 46779
25 26 46940
47 57 51058
47 48 50762
52 62 51135
52 53 50992
93 94 50833
93 3 50985
92 93 49588
92 2 49424