77 76 23639
77 78 23384
77 67 23448
77 87 23631
76 66 24145
76 86 24170
76 75 24501
78|77|76 88 4262
78|77|76 79 1770
77|76 78|77|76 6079
77|76 76 6156
77|76 87 5912
77|76 67 5964
76 77|76 24347
66 65 24155
66 56 24318
67|66 66 6076
67|66 57 6024
67|66 77 5939
68|67|66 69 1829
68|67|66 78 4249
67|66 68|67|66 6144
66 67|66 24429
66 76 24355
65 55 24985
65 75 25079
65 64 25012
65 66 24982
55 54 25343
55 65 25108
55 45 25153
55 56 25134
54 64 25884
54 44 25850
54 55 26061
54 53 25819
64 74 25620
64 54 25534
64 63 25971
64 65 25824
74 73 25699
74 84 25435
74 75 25526
74 64 25575
73 72 26333
73 83 26499
73 74 26377
73 63 26307
72 71 27320
72 82 27123
72 62 27401
72 73 27303
71 61 21681
71 72 28281
71 81 37331
71 70 21874
61 51 21791
61 62 28137
61 71 37759
61 60 21555
51 52 28441
51 41 21894
51 50 21835
51 61 37604
52 53 27418
52 42 27633
52 62 27584
52 51 27408
53 52 26571
53 43 26554
53 54 26664
53 63 26614
42 43 26724
42 52 27746
42 32 26486
42 41 26327
43 44 26119
43 33 25790
43 42 25553
43 53 26765
44 45 25613
44 54 26099
44 43 24895
44 34 24859
45 46 24578
45 44 24385
45 35 24222
45 55 25242
46 36 23299
46 56 24382
46 45 23398
48|47|46 58 4168
48|47|46 49 1761
47|46 48|47|46 5978
47|46 37 5913
47|46 46 5966
47|46 57 5897
46 47|46 24013
36 26 23642
38|37|36 48 4053
38|37|36 39 1731
37|36 38|37|36 5845
37|36 47 5802
37|36 36 5800
37|36 27 5781
36 37|36 23477
36 35 23455
36 46 23567
26 36 23780
26 25 23633
27|26 17 5910
28|27|26 38 4176
28|27|26 29 1773
27|26 28|27|26 6005
27|26 37 5814
27|26 26 5754
26 27|26 23741
26 16 23641
37 38 22691
37 36 22715
37 47 22896
37 27 22789
38 48 26085
38 37 21943
38 39 23915
38 28 22013
48 49 24166
48 47 21856
48 58 27269
48 38 21954
49 59 23958
49 39 22737
49 40 23743
49 48 23019
59 69 23930
59 58 24055
59 50 23842
59 49 24017
69 68 23633
69 60 24018
69 79 23522
69 59 24131
68 67 22859
68 58 22949
68 78 27162
68 69 24756
67 77 23576
67 66 23468
67 57 23556
67 68 24016
78 77 22713
78 88 26977
78 68 22862
78 79 24425
57|56 56 6113
58|57|56 68 4158
58|57|56 59 1758
57|56 58|57|56 5977
57|56 47 5894
57|56 67 6042
56 57|56 24261
56 66 24665
56 46 24248
56 55 24438
57 56 23762
57 58 23509
57 47 23471
57 67 23858
58 68 27208
58 48 22762
58 59 24812
58 57 22980
47 37 22639
47 48 23277
47 46 22626
47 57 23719
35 36 24287
35 34 24141
35 45 24248
35 25 24370
33 34 25747
33 23 25805
33 32 25843
33 43 26146
34 24 25003
34 44 25129
34 33 24925
34 35 24816
24 23 25276
24 25 24875
24 34 25173
24 14 25195
23 33 26341
23 22 25985
23 13 25939
23 24 25920
22 32 27046
22 23 26997
22 12 26563
22 21 26795
32 22 26905
32 33 26560
32 42 26515
32 31 26593
13 14 26153
13 12 26148
23|13 24 6460
43|33|23|13 53 1118
43|33|23|13 44 496
33|23|13 43|33|23|13 1627
33|23|13 34 1717
33|23|13 23 1638
33|23|13 32 1625
23|13 33|23|13 6665
23|13 22 6426
23|13 13 6355
13 23|13 26169
13 3 25743
14 4 24882
14 15 25623
24|14 14 6278
24|14 23 6288
34|24|14 24 1518
44|34|24|14 45 481
44|34|24|14 54 1118
34|24|14 44|34|24|14 1610
34|24|14 35 1568
34|24|14 33 1589
24|14 34|24|14 6356
24|14 25 6185
14 24|14 25371
14 13 25472
4 3 25268
4 5 25116
4 14 25310
4 94 25181
3 93 25930
3 2 26060
3 13 26066
3 4 26090
93 83 26285
93 3 26329
93 92 26190
93 94 26076
83 93 26334
83 73 26204
83 82 26271
83 84 26163
92 2 27452
92 82 27356
92 91 26925
92 93 27118
2 92 27368
2 12 26826
2 1 27063
2 3 26837
82 83 26993
82 92 27451
82 72 27262
82 81 27183
12 2 26806
12 11 26745
12 13 26911
22|12 23 6735
32|22|12 31 1633
32|22|12 33 1613
42|32|22|12 52 1136
42|32|22|12 43 481
32|22|12 42|32|22|12 1627
32|22|12 22 1671
22|12 32|22|12 6616
22|12 21 6649
22|12 12 6503
12 22|12 26766
11 10 21262
11 12 27772
21|11 20 9086
21|11 22 9199
31|21|11 32 2224
31|21|11 21 2245
31|21|11 30 2186
41|31|21|11 51 1514
41|31|21|11 42 685
31|21|11 41|31|21|11 2217
21|11 31|21|11 8956
21|11 11 9081
11 21|11 36672
11 1 21062
11|10 12 6615
11|10 21|11 15486
10 11|10 22340
20|10 10 5528
20|10 29 5453
30|20|10 31|30 1361
30|20|10 20 1419
30|20|10 39 1408
40|30|20|10 50 1013
40|30|20|10 41|40 411
30|20|10 40|30|20|10 1432
20|10 30|20|10 5675
20|10 21|20 5445
10 20|10 22323
10 0 22327
10 19 22388
50 59 22981
50 40 23082
51|50 61 15883
51|50 52 6731
50 51|50 22826
50 60 22839
75 85 24966
75 74 24954
75 76 25113
75 65 24950
85 86 24996
85 75 24842
85 95 24755
85 84 24796
86 76 24012
86 96 24126
87|86 86 5948
87|86 97 6040
88|87|86 89 1803
88|87|86 98 4186
87|86 88|87|86 6038
87|86 77 5999
86 87|86 24261
86 85 24301
96 86 24184
96 95 23740
96 6 24289
97|96 87 6042
97|96 7 6042
98|97|96 8 4100
98|97|96 99 1725
97|96 98|97|96 5876
97|96 96 6134
96 97|96 24344
87 86 23382
87 97 23631
87 88 23439
87 77 23429
97 98 22985
97 96 23839
97 87 23437
97 7 23534
98 99 23980
98 97 22476
98 88 22502
98 8 26553
99 9 23308
99 89 23471
99 98 23099
99 90 23434
9 8 23385
9 19 23329
9 99 23224
9 0 23319
8 9 24179
8 18 26648
8 98 22661
8 7 22117
19 10 23443
29|19 19 5754
29|19 28 5633
29|19 20 5707
39|29|19 38 1421
49|39|29|19 59 968
49|39|29|19 40 401
39|29|19 49|39|29|19 1380
39|29|19 29 1431
39|29|19 30 1426
29|19 39|29|19 5699
19 29|19 23039
19 18 23418
19 9 23045
1 11 36555
1 0 21343
1 2 27827
1 91 21594
21 20 21171
21 31 36314
21 22 27896
21 11 21223
21|20 31 15280
21|20 22 6590
20 21|20 22087
20 10 22156
20 30 22317
20 29 21981
31 41 36049
31 21 21041
31 32 27297
31 30 20866
41 51 37744
41 42 27605
41 31 20649
41 40 20430
62 72 27309
62 52 27363
62 61 27476
62 63 27277
81 71 21587
81 91 36947
81 82 28255
81 80 21414
63 62 26491
63 73 26502
63 64 26611
63 53 26489
0 90 22391
0 9 22600
0 10 22344
1|0 2 6569
1|0 11 15463
0 1|0 22263
90 0 22523
91|90 1 15533
91|90 92 6723
90 91|90 22498
90 80 22781
90 99 22601
89 99 23483
89 79 23628
89 80 23510
89 88 23433
79 78 23693
79 70 23495
79 69 23632
79 89 23498
88 98 26699
88 89 24470
88 87 22493
88 78 22757
70 79 22778
70 80 22867
70 60 22749
71|70 72 6649
71|70 81 15738
70 71|70 22593
80 70 22728
81|80 91 15504
81|80 82 6816
80 81|80 22542
80 90 22835
80 89 22594
60 69 22965
61|60 71 15810
61|60 62 6620
60 61|60 22671
60 50 22797
60 70 22799
40 30 21820
41|40 42 6584
41|40 51 15481
40 41|40 22287
40 50 23201
40 49 22095
31|30 41 15147
31|30 32 6434
30 31|30 21774
30 39 22366
30 20 21869
30 40 22076
25 35 24512
25 26 24248
25 15 24590
25 24 24216
27 17 22896
27 26 22941
27 28 23125
27 37 22973
17 16 23284
17 18 23098
17 7 22972
27|17 28 5738
37|27|17 38 1427
37|27|17 27 1454
37|27|17 36 1410
47|37|27|17 48 442
47|37|27|17 57 1032
37|27|17 47|37|27|17 1484
27|17 37|27|17 5835
27|17 26 5689
27|17 17 5650
17 27|17 23161
46|36|26|16 56 1046
46|36|26|16 47|46 421
36|26|16 46|36|26|16 1473
36|26|16 37|36 1449
36|26|16 35 1416
36|26|16 26 1464
26|16 36|26|16 5842
26|16 16 5835
26|16 27|26 5998
26|16 25 5969
16 26|16 23881
18|17|16 19 1767
18|17|16 28|18 4049
17|16 18|17|16 5874
17|16 27|17 5966
17|16 7 5855
17|16 16 6011
16 17|16 23951
16 15 23806
16 6 23975
84 94 25281
84 85 25569
84 74 25410
84 83 25217
94 84 25196
94 93 25568
94 95 25259
94 4 25190
29 19 23055
29 28 23065
29 20 23044
29 39 22977
28 18 22260
28 38 26264
28 27 22242
28 29 23982
18 17 22489
18 19 24030
28|18 27 6559
48|38|28|18 49 494
48|38|28|18 58 1137
38|28|18 48|38|28|18 1648
38|28|18 39 1593
38|28|18 37 1581
38|28|18 28 1587
28|18 38|28|18 6502
28|18 29 6545
28|18 18 6561
18 28|18 26444
18 8 22480
7 6 23142
7 8 23150
7 97 23270
7 17 23094
6 5 24079
6 16 24085
6 96 24106
8|7|6 9 1765
8|7|6 18 4109
7|6 8|7|6 5935
7|6 6 5882
7|6 17 5929
7|6 97 5913
6 7|6 23899
5 6 24752
5 15 24499
5 95 24258
5 4 24613
39 30 22868
39 49 23075
39 38 23066
39 29 23097
91 92 27962
91 1 37054
91 90 21581
91 81 21238
15 16 24632
25|15 26 6106
25|15 15 6089
35|25|15 25 1516
45|35|25|15 46 413
45|35|25|15 55 1079
35|25|15 45|35|25|15 1509
35|25|15 34 1463
35|25|15 36 1566
25|15 35|25|15 6109
25|15 24 6149
15 25|15 24676
15 5 24536
15 14 24675
95 94 24659
95 85 24621
95 5 24411
95 96 24454